{
 "cells": [
  {
   "cell_type": "markdown",
   "id": "7d09733c",
   "metadata": {},
   "source": [
    "Assignment 02: Regression\n",
    "\n",
    "Name: Yash Wadhwa\n",
    "NUID: 002778382"
   ]
  },
  {
   "cell_type": "markdown",
   "id": "488e53db",
   "metadata": {},
   "source": [
    "1. Linear Regression:\n",
    "Apply linear regression on the Boston Housing dataset with \"MV\" as the dependent variable. Arrive at the final dataset with reduced number of columns, utilizing p-value, correlation coefficient, and multiple R-squared statistics. Use whatever libraries are appropriate when coding in Python. Can you run the same in Excel using a data analysis function and the prepared dataset?"
   ]
  },
  {
   "cell_type": "code",
   "execution_count": 102,
   "id": "75969dc1",
   "metadata": {},
   "outputs": [],
   "source": [
    "import os\n",
    "import pandas as pd\n",
    "import numpy as np\n",
    "import statsmodels.api as sm\n",
    "import seaborn as sns\n",
    "from scipy import stats\n",
    "import matplotlib.pyplot as plt\n",
    "%matplotlib inline"
   ]
  },
  {
   "cell_type": "code",
   "execution_count": 103,
   "id": "63f1e625",
   "metadata": {},
   "outputs": [
    {
     "data": {
      "text/html": [
       "<div>\n",
       "<style scoped>\n",
       "    .dataframe tbody tr th:only-of-type {\n",
       "        vertical-align: middle;\n",
       "    }\n",
       "\n",
       "    .dataframe tbody tr th {\n",
       "        vertical-align: top;\n",
       "    }\n",
       "\n",
       "    .dataframe thead th {\n",
       "        text-align: right;\n",
       "    }\n",
       "</style>\n",
       "<table border=\"1\" class=\"dataframe\">\n",
       "  <thead>\n",
       "    <tr style=\"text-align: right;\">\n",
       "      <th></th>\n",
       "      <th>CRIM</th>\n",
       "      <th>ZN</th>\n",
       "      <th>INDUS</th>\n",
       "      <th>CHAS</th>\n",
       "      <th>NOX</th>\n",
       "      <th>RM</th>\n",
       "      <th>AGE</th>\n",
       "      <th>DIS</th>\n",
       "      <th>RAD</th>\n",
       "      <th>TAX</th>\n",
       "      <th>PT</th>\n",
       "      <th>B</th>\n",
       "      <th>LSTAT</th>\n",
       "      <th>MV</th>\n",
       "    </tr>\n",
       "  </thead>\n",
       "  <tbody>\n",
       "    <tr>\n",
       "      <th>0</th>\n",
       "      <td>0.00632</td>\n",
       "      <td>18.00000</td>\n",
       "      <td>2.31000</td>\n",
       "      <td>0</td>\n",
       "      <td>0.53800</td>\n",
       "      <td>6.57500</td>\n",
       "      <td>65.20000</td>\n",
       "      <td>4.09000</td>\n",
       "      <td>1</td>\n",
       "      <td>296</td>\n",
       "      <td>15.30000</td>\n",
       "      <td>396.89999</td>\n",
       "      <td>4.98000</td>\n",
       "      <td>24.00000</td>\n",
       "    </tr>\n",
       "    <tr>\n",
       "      <th>1</th>\n",
       "      <td>0.02731</td>\n",
       "      <td>0.00000</td>\n",
       "      <td>7.07000</td>\n",
       "      <td>0</td>\n",
       "      <td>0.46900</td>\n",
       "      <td>6.42100</td>\n",
       "      <td>78.90000</td>\n",
       "      <td>4.96710</td>\n",
       "      <td>2</td>\n",
       "      <td>242</td>\n",
       "      <td>17.80000</td>\n",
       "      <td>396.89999</td>\n",
       "      <td>9.14000</td>\n",
       "      <td>21.60000</td>\n",
       "    </tr>\n",
       "    <tr>\n",
       "      <th>2</th>\n",
       "      <td>0.02729</td>\n",
       "      <td>0.00000</td>\n",
       "      <td>7.07000</td>\n",
       "      <td>0</td>\n",
       "      <td>0.46900</td>\n",
       "      <td>7.18500</td>\n",
       "      <td>61.10000</td>\n",
       "      <td>4.96710</td>\n",
       "      <td>2</td>\n",
       "      <td>242</td>\n",
       "      <td>17.80000</td>\n",
       "      <td>392.82999</td>\n",
       "      <td>4.03000</td>\n",
       "      <td>34.70000</td>\n",
       "    </tr>\n",
       "    <tr>\n",
       "      <th>3</th>\n",
       "      <td>0.03237</td>\n",
       "      <td>0.00000</td>\n",
       "      <td>2.18000</td>\n",
       "      <td>0</td>\n",
       "      <td>0.45800</td>\n",
       "      <td>6.99800</td>\n",
       "      <td>45.80000</td>\n",
       "      <td>6.06220</td>\n",
       "      <td>3</td>\n",
       "      <td>222</td>\n",
       "      <td>18.70000</td>\n",
       "      <td>394.63000</td>\n",
       "      <td>2.94000</td>\n",
       "      <td>33.40000</td>\n",
       "    </tr>\n",
       "    <tr>\n",
       "      <th>4</th>\n",
       "      <td>0.06905</td>\n",
       "      <td>0.00000</td>\n",
       "      <td>2.18000</td>\n",
       "      <td>0</td>\n",
       "      <td>0.45800</td>\n",
       "      <td>7.14700</td>\n",
       "      <td>54.20000</td>\n",
       "      <td>6.06220</td>\n",
       "      <td>3</td>\n",
       "      <td>222</td>\n",
       "      <td>18.70000</td>\n",
       "      <td>396.89999</td>\n",
       "      <td>5.33000</td>\n",
       "      <td>36.20000</td>\n",
       "    </tr>\n",
       "    <tr>\n",
       "      <th>...</th>\n",
       "      <td>...</td>\n",
       "      <td>...</td>\n",
       "      <td>...</td>\n",
       "      <td>...</td>\n",
       "      <td>...</td>\n",
       "      <td>...</td>\n",
       "      <td>...</td>\n",
       "      <td>...</td>\n",
       "      <td>...</td>\n",
       "      <td>...</td>\n",
       "      <td>...</td>\n",
       "      <td>...</td>\n",
       "      <td>...</td>\n",
       "      <td>...</td>\n",
       "    </tr>\n",
       "    <tr>\n",
       "      <th>501</th>\n",
       "      <td>0.06263</td>\n",
       "      <td>0.00000</td>\n",
       "      <td>11.93000</td>\n",
       "      <td>0</td>\n",
       "      <td>0.57300</td>\n",
       "      <td>6.59300</td>\n",
       "      <td>69.10000</td>\n",
       "      <td>2.47860</td>\n",
       "      <td>1</td>\n",
       "      <td>273</td>\n",
       "      <td>21.00000</td>\n",
       "      <td>391.98999</td>\n",
       "      <td>9.67000</td>\n",
       "      <td>22.40000</td>\n",
       "    </tr>\n",
       "    <tr>\n",
       "      <th>502</th>\n",
       "      <td>0.04527</td>\n",
       "      <td>0.00000</td>\n",
       "      <td>11.93000</td>\n",
       "      <td>0</td>\n",
       "      <td>0.57300</td>\n",
       "      <td>6.12000</td>\n",
       "      <td>76.70000</td>\n",
       "      <td>2.28750</td>\n",
       "      <td>1</td>\n",
       "      <td>273</td>\n",
       "      <td>21.00000</td>\n",
       "      <td>396.89999</td>\n",
       "      <td>9.08000</td>\n",
       "      <td>20.60000</td>\n",
       "    </tr>\n",
       "    <tr>\n",
       "      <th>503</th>\n",
       "      <td>0.06076</td>\n",
       "      <td>0.00000</td>\n",
       "      <td>11.93000</td>\n",
       "      <td>0</td>\n",
       "      <td>0.57300</td>\n",
       "      <td>6.97600</td>\n",
       "      <td>91.00000</td>\n",
       "      <td>2.16750</td>\n",
       "      <td>1</td>\n",
       "      <td>273</td>\n",
       "      <td>21.00000</td>\n",
       "      <td>396.89999</td>\n",
       "      <td>5.64000</td>\n",
       "      <td>23.90000</td>\n",
       "    </tr>\n",
       "    <tr>\n",
       "      <th>504</th>\n",
       "      <td>0.10959</td>\n",
       "      <td>0.00000</td>\n",
       "      <td>11.93000</td>\n",
       "      <td>0</td>\n",
       "      <td>0.57300</td>\n",
       "      <td>6.79400</td>\n",
       "      <td>89.30000</td>\n",
       "      <td>2.38890</td>\n",
       "      <td>1</td>\n",
       "      <td>273</td>\n",
       "      <td>21.00000</td>\n",
       "      <td>393.45001</td>\n",
       "      <td>6.48000</td>\n",
       "      <td>22.00000</td>\n",
       "    </tr>\n",
       "    <tr>\n",
       "      <th>505</th>\n",
       "      <td>0.04741</td>\n",
       "      <td>0.00000</td>\n",
       "      <td>11.93000</td>\n",
       "      <td>0</td>\n",
       "      <td>0.57300</td>\n",
       "      <td>6.03000</td>\n",
       "      <td>80.80000</td>\n",
       "      <td>2.50500</td>\n",
       "      <td>1</td>\n",
       "      <td>273</td>\n",
       "      <td>21.00000</td>\n",
       "      <td>396.89999</td>\n",
       "      <td>7.88000</td>\n",
       "      <td>11.90000</td>\n",
       "    </tr>\n",
       "  </tbody>\n",
       "</table>\n",
       "<p>506 rows × 14 columns</p>\n",
       "</div>"
      ],
      "text/plain": [
       "       CRIM       ZN    INDUS  CHAS     NOX      RM      AGE     DIS  RAD  \\\n",
       "0   0.00632 18.00000  2.31000     0 0.53800 6.57500 65.20000 4.09000    1   \n",
       "1   0.02731  0.00000  7.07000     0 0.46900 6.42100 78.90000 4.96710    2   \n",
       "2   0.02729  0.00000  7.07000     0 0.46900 7.18500 61.10000 4.96710    2   \n",
       "3   0.03237  0.00000  2.18000     0 0.45800 6.99800 45.80000 6.06220    3   \n",
       "4   0.06905  0.00000  2.18000     0 0.45800 7.14700 54.20000 6.06220    3   \n",
       "..      ...      ...      ...   ...     ...     ...      ...     ...  ...   \n",
       "501 0.06263  0.00000 11.93000     0 0.57300 6.59300 69.10000 2.47860    1   \n",
       "502 0.04527  0.00000 11.93000     0 0.57300 6.12000 76.70000 2.28750    1   \n",
       "503 0.06076  0.00000 11.93000     0 0.57300 6.97600 91.00000 2.16750    1   \n",
       "504 0.10959  0.00000 11.93000     0 0.57300 6.79400 89.30000 2.38890    1   \n",
       "505 0.04741  0.00000 11.93000     0 0.57300 6.03000 80.80000 2.50500    1   \n",
       "\n",
       "     TAX       PT         B   LSTAT       MV  \n",
       "0    296 15.30000 396.89999 4.98000 24.00000  \n",
       "1    242 17.80000 396.89999 9.14000 21.60000  \n",
       "2    242 17.80000 392.82999 4.03000 34.70000  \n",
       "3    222 18.70000 394.63000 2.94000 33.40000  \n",
       "4    222 18.70000 396.89999 5.33000 36.20000  \n",
       "..   ...      ...       ...     ...      ...  \n",
       "501  273 21.00000 391.98999 9.67000 22.40000  \n",
       "502  273 21.00000 396.89999 9.08000 20.60000  \n",
       "503  273 21.00000 396.89999 5.64000 23.90000  \n",
       "504  273 21.00000 393.45001 6.48000 22.00000  \n",
       "505  273 21.00000 396.89999 7.88000 11.90000  \n",
       "\n",
       "[506 rows x 14 columns]"
      ]
     },
     "execution_count": 103,
     "metadata": {},
     "output_type": "execute_result"
    }
   ],
   "source": [
    "df_bos=pd.read_excel(\"/Users/wadhwa/Desktop/dsem/Assignment-2/boston housing.xlsx\") \n",
    "df_bos"
   ]
  },
  {
   "cell_type": "code",
   "execution_count": 71,
   "id": "6c16fe1b",
   "metadata": {},
   "outputs": [
    {
     "name": "stdout",
     "output_type": "stream",
     "text": [
      "<class 'pandas.core.frame.DataFrame'>\n",
      "RangeIndex: 506 entries, 0 to 505\n",
      "Data columns (total 14 columns):\n",
      " #   Column  Non-Null Count  Dtype  \n",
      "---  ------  --------------  -----  \n",
      " 0   CRIM    506 non-null    float64\n",
      " 1   ZN      506 non-null    float64\n",
      " 2   INDUS   506 non-null    float64\n",
      " 3   CHAS    506 non-null    int64  \n",
      " 4   NOX     506 non-null    float64\n",
      " 5   RM      506 non-null    float64\n",
      " 6   AGE     506 non-null    float64\n",
      " 7   DIS     506 non-null    float64\n",
      " 8   RAD     506 non-null    int64  \n",
      " 9   TAX     506 non-null    int64  \n",
      " 10  PT      506 non-null    float64\n",
      " 11  B       506 non-null    float64\n",
      " 12  LSTAT   506 non-null    float64\n",
      " 13  MV      506 non-null    float64\n",
      "dtypes: float64(11), int64(3)\n",
      "memory usage: 55.5 KB\n"
     ]
    }
   ],
   "source": [
    "df_bos.info() "
   ]
  },
  {
   "cell_type": "code",
   "execution_count": 72,
   "id": "75934ca2",
   "metadata": {},
   "outputs": [
    {
     "data": {
      "text/html": [
       "<div>\n",
       "<style scoped>\n",
       "    .dataframe tbody tr th:only-of-type {\n",
       "        vertical-align: middle;\n",
       "    }\n",
       "\n",
       "    .dataframe tbody tr th {\n",
       "        vertical-align: top;\n",
       "    }\n",
       "\n",
       "    .dataframe thead th {\n",
       "        text-align: right;\n",
       "    }\n",
       "</style>\n",
       "<table border=\"1\" class=\"dataframe\">\n",
       "  <thead>\n",
       "    <tr style=\"text-align: right;\">\n",
       "      <th></th>\n",
       "      <th>CRIM</th>\n",
       "      <th>ZN</th>\n",
       "      <th>INDUS</th>\n",
       "      <th>CHAS</th>\n",
       "      <th>NOX</th>\n",
       "      <th>RM</th>\n",
       "      <th>AGE</th>\n",
       "      <th>DIS</th>\n",
       "      <th>RAD</th>\n",
       "      <th>TAX</th>\n",
       "      <th>PT</th>\n",
       "      <th>B</th>\n",
       "      <th>LSTAT</th>\n",
       "      <th>MV</th>\n",
       "    </tr>\n",
       "  </thead>\n",
       "  <tbody>\n",
       "    <tr>\n",
       "      <th>CRIM</th>\n",
       "      <td>1.0000</td>\n",
       "      <td>-0.2005</td>\n",
       "      <td>0.4066</td>\n",
       "      <td>-0.0559</td>\n",
       "      <td>0.4210</td>\n",
       "      <td>-0.2192</td>\n",
       "      <td>0.3527</td>\n",
       "      <td>-0.3797</td>\n",
       "      <td>0.6255</td>\n",
       "      <td>0.5828</td>\n",
       "      <td>0.2899</td>\n",
       "      <td>-0.3851</td>\n",
       "      <td>0.4556</td>\n",
       "      <td>-0.3883</td>\n",
       "    </tr>\n",
       "    <tr>\n",
       "      <th>ZN</th>\n",
       "      <td>-0.2005</td>\n",
       "      <td>1.0000</td>\n",
       "      <td>-0.5338</td>\n",
       "      <td>-0.0427</td>\n",
       "      <td>-0.5166</td>\n",
       "      <td>0.3120</td>\n",
       "      <td>-0.5695</td>\n",
       "      <td>0.6644</td>\n",
       "      <td>-0.3119</td>\n",
       "      <td>-0.3146</td>\n",
       "      <td>-0.3917</td>\n",
       "      <td>0.1755</td>\n",
       "      <td>-0.4130</td>\n",
       "      <td>0.3604</td>\n",
       "    </tr>\n",
       "    <tr>\n",
       "      <th>INDUS</th>\n",
       "      <td>0.4066</td>\n",
       "      <td>-0.5338</td>\n",
       "      <td>1.0000</td>\n",
       "      <td>0.0629</td>\n",
       "      <td>0.7637</td>\n",
       "      <td>-0.3917</td>\n",
       "      <td>0.6448</td>\n",
       "      <td>-0.7080</td>\n",
       "      <td>0.5951</td>\n",
       "      <td>0.7208</td>\n",
       "      <td>0.3832</td>\n",
       "      <td>-0.3570</td>\n",
       "      <td>0.6038</td>\n",
       "      <td>-0.4837</td>\n",
       "    </tr>\n",
       "    <tr>\n",
       "      <th>CHAS</th>\n",
       "      <td>-0.0559</td>\n",
       "      <td>-0.0427</td>\n",
       "      <td>0.0629</td>\n",
       "      <td>1.0000</td>\n",
       "      <td>0.0912</td>\n",
       "      <td>0.0913</td>\n",
       "      <td>0.0865</td>\n",
       "      <td>-0.0992</td>\n",
       "      <td>-0.0074</td>\n",
       "      <td>-0.0356</td>\n",
       "      <td>-0.1215</td>\n",
       "      <td>0.0488</td>\n",
       "      <td>-0.0539</td>\n",
       "      <td>0.1753</td>\n",
       "    </tr>\n",
       "    <tr>\n",
       "      <th>NOX</th>\n",
       "      <td>0.4210</td>\n",
       "      <td>-0.5166</td>\n",
       "      <td>0.7637</td>\n",
       "      <td>0.0912</td>\n",
       "      <td>1.0000</td>\n",
       "      <td>-0.3022</td>\n",
       "      <td>0.7315</td>\n",
       "      <td>-0.7692</td>\n",
       "      <td>0.6114</td>\n",
       "      <td>0.6680</td>\n",
       "      <td>0.1889</td>\n",
       "      <td>-0.3801</td>\n",
       "      <td>0.5909</td>\n",
       "      <td>-0.4273</td>\n",
       "    </tr>\n",
       "    <tr>\n",
       "      <th>RM</th>\n",
       "      <td>-0.2192</td>\n",
       "      <td>0.3120</td>\n",
       "      <td>-0.3917</td>\n",
       "      <td>0.0913</td>\n",
       "      <td>-0.3022</td>\n",
       "      <td>1.0000</td>\n",
       "      <td>-0.2403</td>\n",
       "      <td>0.2052</td>\n",
       "      <td>-0.2098</td>\n",
       "      <td>-0.2920</td>\n",
       "      <td>-0.3555</td>\n",
       "      <td>0.1281</td>\n",
       "      <td>-0.6138</td>\n",
       "      <td>0.6954</td>\n",
       "    </tr>\n",
       "    <tr>\n",
       "      <th>AGE</th>\n",
       "      <td>0.3527</td>\n",
       "      <td>-0.5695</td>\n",
       "      <td>0.6448</td>\n",
       "      <td>0.0865</td>\n",
       "      <td>0.7315</td>\n",
       "      <td>-0.2403</td>\n",
       "      <td>1.0000</td>\n",
       "      <td>-0.7479</td>\n",
       "      <td>0.4560</td>\n",
       "      <td>0.5065</td>\n",
       "      <td>0.2615</td>\n",
       "      <td>-0.2735</td>\n",
       "      <td>0.6023</td>\n",
       "      <td>-0.3770</td>\n",
       "    </tr>\n",
       "    <tr>\n",
       "      <th>DIS</th>\n",
       "      <td>-0.3797</td>\n",
       "      <td>0.6644</td>\n",
       "      <td>-0.7080</td>\n",
       "      <td>-0.0992</td>\n",
       "      <td>-0.7692</td>\n",
       "      <td>0.2052</td>\n",
       "      <td>-0.7479</td>\n",
       "      <td>1.0000</td>\n",
       "      <td>-0.4946</td>\n",
       "      <td>-0.5344</td>\n",
       "      <td>-0.2325</td>\n",
       "      <td>0.2915</td>\n",
       "      <td>-0.4970</td>\n",
       "      <td>0.2499</td>\n",
       "    </tr>\n",
       "    <tr>\n",
       "      <th>RAD</th>\n",
       "      <td>0.6255</td>\n",
       "      <td>-0.3119</td>\n",
       "      <td>0.5951</td>\n",
       "      <td>-0.0074</td>\n",
       "      <td>0.6114</td>\n",
       "      <td>-0.2098</td>\n",
       "      <td>0.4560</td>\n",
       "      <td>-0.4946</td>\n",
       "      <td>1.0000</td>\n",
       "      <td>0.9102</td>\n",
       "      <td>0.4647</td>\n",
       "      <td>-0.4444</td>\n",
       "      <td>0.4887</td>\n",
       "      <td>-0.3816</td>\n",
       "    </tr>\n",
       "    <tr>\n",
       "      <th>TAX</th>\n",
       "      <td>0.5828</td>\n",
       "      <td>-0.3146</td>\n",
       "      <td>0.7208</td>\n",
       "      <td>-0.0356</td>\n",
       "      <td>0.6680</td>\n",
       "      <td>-0.2920</td>\n",
       "      <td>0.5065</td>\n",
       "      <td>-0.5344</td>\n",
       "      <td>0.9102</td>\n",
       "      <td>1.0000</td>\n",
       "      <td>0.4609</td>\n",
       "      <td>-0.4418</td>\n",
       "      <td>0.5440</td>\n",
       "      <td>-0.4685</td>\n",
       "    </tr>\n",
       "    <tr>\n",
       "      <th>PT</th>\n",
       "      <td>0.2899</td>\n",
       "      <td>-0.3917</td>\n",
       "      <td>0.3832</td>\n",
       "      <td>-0.1215</td>\n",
       "      <td>0.1889</td>\n",
       "      <td>-0.3555</td>\n",
       "      <td>0.2615</td>\n",
       "      <td>-0.2325</td>\n",
       "      <td>0.4647</td>\n",
       "      <td>0.4609</td>\n",
       "      <td>1.0000</td>\n",
       "      <td>-0.1774</td>\n",
       "      <td>0.3740</td>\n",
       "      <td>-0.5078</td>\n",
       "    </tr>\n",
       "    <tr>\n",
       "      <th>B</th>\n",
       "      <td>-0.3851</td>\n",
       "      <td>0.1755</td>\n",
       "      <td>-0.3570</td>\n",
       "      <td>0.0488</td>\n",
       "      <td>-0.3801</td>\n",
       "      <td>0.1281</td>\n",
       "      <td>-0.2735</td>\n",
       "      <td>0.2915</td>\n",
       "      <td>-0.4444</td>\n",
       "      <td>-0.4418</td>\n",
       "      <td>-0.1774</td>\n",
       "      <td>1.0000</td>\n",
       "      <td>-0.3661</td>\n",
       "      <td>0.3335</td>\n",
       "    </tr>\n",
       "    <tr>\n",
       "      <th>LSTAT</th>\n",
       "      <td>0.4556</td>\n",
       "      <td>-0.4130</td>\n",
       "      <td>0.6038</td>\n",
       "      <td>-0.0539</td>\n",
       "      <td>0.5909</td>\n",
       "      <td>-0.6138</td>\n",
       "      <td>0.6023</td>\n",
       "      <td>-0.4970</td>\n",
       "      <td>0.4887</td>\n",
       "      <td>0.5440</td>\n",
       "      <td>0.3740</td>\n",
       "      <td>-0.3661</td>\n",
       "      <td>1.0000</td>\n",
       "      <td>-0.7377</td>\n",
       "    </tr>\n",
       "    <tr>\n",
       "      <th>MV</th>\n",
       "      <td>-0.3883</td>\n",
       "      <td>0.3604</td>\n",
       "      <td>-0.4837</td>\n",
       "      <td>0.1753</td>\n",
       "      <td>-0.4273</td>\n",
       "      <td>0.6954</td>\n",
       "      <td>-0.3770</td>\n",
       "      <td>0.2499</td>\n",
       "      <td>-0.3816</td>\n",
       "      <td>-0.4685</td>\n",
       "      <td>-0.5078</td>\n",
       "      <td>0.3335</td>\n",
       "      <td>-0.7377</td>\n",
       "      <td>1.0000</td>\n",
       "    </tr>\n",
       "  </tbody>\n",
       "</table>\n",
       "</div>"
      ],
      "text/plain": [
       "         CRIM      ZN   INDUS    CHAS     NOX      RM     AGE     DIS     RAD  \\\n",
       "CRIM   1.0000 -0.2005  0.4066 -0.0559  0.4210 -0.2192  0.3527 -0.3797  0.6255   \n",
       "ZN    -0.2005  1.0000 -0.5338 -0.0427 -0.5166  0.3120 -0.5695  0.6644 -0.3119   \n",
       "INDUS  0.4066 -0.5338  1.0000  0.0629  0.7637 -0.3917  0.6448 -0.7080  0.5951   \n",
       "CHAS  -0.0559 -0.0427  0.0629  1.0000  0.0912  0.0913  0.0865 -0.0992 -0.0074   \n",
       "NOX    0.4210 -0.5166  0.7637  0.0912  1.0000 -0.3022  0.7315 -0.7692  0.6114   \n",
       "RM    -0.2192  0.3120 -0.3917  0.0913 -0.3022  1.0000 -0.2403  0.2052 -0.2098   \n",
       "AGE    0.3527 -0.5695  0.6448  0.0865  0.7315 -0.2403  1.0000 -0.7479  0.4560   \n",
       "DIS   -0.3797  0.6644 -0.7080 -0.0992 -0.7692  0.2052 -0.7479  1.0000 -0.4946   \n",
       "RAD    0.6255 -0.3119  0.5951 -0.0074  0.6114 -0.2098  0.4560 -0.4946  1.0000   \n",
       "TAX    0.5828 -0.3146  0.7208 -0.0356  0.6680 -0.2920  0.5065 -0.5344  0.9102   \n",
       "PT     0.2899 -0.3917  0.3832 -0.1215  0.1889 -0.3555  0.2615 -0.2325  0.4647   \n",
       "B     -0.3851  0.1755 -0.3570  0.0488 -0.3801  0.1281 -0.2735  0.2915 -0.4444   \n",
       "LSTAT  0.4556 -0.4130  0.6038 -0.0539  0.5909 -0.6138  0.6023 -0.4970  0.4887   \n",
       "MV    -0.3883  0.3604 -0.4837  0.1753 -0.4273  0.6954 -0.3770  0.2499 -0.3816   \n",
       "\n",
       "          TAX      PT       B   LSTAT      MV  \n",
       "CRIM   0.5828  0.2899 -0.3851  0.4556 -0.3883  \n",
       "ZN    -0.3146 -0.3917  0.1755 -0.4130  0.3604  \n",
       "INDUS  0.7208  0.3832 -0.3570  0.6038 -0.4837  \n",
       "CHAS  -0.0356 -0.1215  0.0488 -0.0539  0.1753  \n",
       "NOX    0.6680  0.1889 -0.3801  0.5909 -0.4273  \n",
       "RM    -0.2920 -0.3555  0.1281 -0.6138  0.6954  \n",
       "AGE    0.5065  0.2615 -0.2735  0.6023 -0.3770  \n",
       "DIS   -0.5344 -0.2325  0.2915 -0.4970  0.2499  \n",
       "RAD    0.9102  0.4647 -0.4444  0.4887 -0.3816  \n",
       "TAX    1.0000  0.4609 -0.4418  0.5440 -0.4685  \n",
       "PT     0.4609  1.0000 -0.1774  0.3740 -0.5078  \n",
       "B     -0.4418 -0.1774  1.0000 -0.3661  0.3335  \n",
       "LSTAT  0.5440  0.3740 -0.3661  1.0000 -0.7377  \n",
       "MV    -0.4685 -0.5078  0.3335 -0.7377  1.0000  "
      ]
     },
     "execution_count": 72,
     "metadata": {},
     "output_type": "execute_result"
    }
   ],
   "source": [
    "pd.options.display.float_format = '{:.4f}'.format\n",
    "df_corr=df_bos.corr()\n",
    "df_corr"
   ]
  },
  {
   "cell_type": "code",
   "execution_count": 73,
   "id": "8687630d",
   "metadata": {},
   "outputs": [
    {
     "name": "stdout",
     "output_type": "stream",
     "text": [
      "The Pearson Correlation Coefficient of CRIM is -0.3883046116575092  with a P-value = 1.1739862423663313e-19\n"
     ]
    },
    {
     "data": {
      "text/plain": [
       "(0.0, 53.989225518478506)"
      ]
     },
     "execution_count": 73,
     "metadata": {},
     "output_type": "execute_result"
    },
    {
     "data": {
