{
 "cells": [
  {
   "cell_type": "markdown",
   "id": "67a21e0d",
   "metadata": {},
   "source": [
    "Linear Regression:\n",
    "Apply linear regression on the Boston Housing dataset with \"MV\" as the dependent variable. Arrive at the final dataset with reduced number of columns, utilizing p-value, correlation coefficient, and multiple R-squared statistics. Use whatever libraries are appropriate when coding in Python. Can you run the same in Excel using a data analysis function and the prepared dataset?"
   ]
  },
  {
   "cell_type": "code",
   "execution_count": 7,
   "id": "2a710140",
   "metadata": {},
   "outputs": [],
   "source": [
    "import os\n",
    "import pandas as pd\n",
    "import numpy as np\n",
    "from scipy import stats\n",
    "import matplotlib.pyplot as plt\n",
    "%matplotlib inline"
   ]
  },
  {
   "cell_type": "code",
   "execution_count": 8,
   "id": "cb307a3f",
   "metadata": {},
   "outputs": [
    {
     "data": {
      "text/html": [
       "<div>\n",
       "<style scoped>\n",
       "    .dataframe tbody tr th:only-of-type {\n",
       "        vertical-align: middle;\n",
       "    }\n",
       "\n",
       "    .dataframe tbody tr th {\n",
       "        vertical-align: top;\n",
       "    }\n",
       "\n",
       "    .dataframe thead th {\n",
       "        text-align: right;\n",
       "    }\n",
       "</style>\n",
       "<table border=\"1\" class=\"dataframe\">\n",
       "  <thead>\n",
       "    <tr style=\"text-align: right;\">\n",
       "      <th></th>\n",
       "      <th>CRIM</th>\n",
       "      <th>ZN</th>\n",
       "      <th>INDUS</th>\n",
       "      <th>CHAS</th>\n",
       "      <th>NOX</th>\n",
       "      <th>RM</th>\n",
       "      <th>AGE</th>\n",
       "      <th>DIS</th>\n",
       "      <th>RAD</th>\n",
       "      <th>TAX</th>\n",
       "      <th>PT</th>\n",
       "      <th>B</th>\n",
       "      <th>LSTAT</th>\n",
       "      <th>MV</th>\n",
       "    </tr>\n",
       "  </thead>\n",
       "  <tbody>\n",
       "    <tr>\n",
       "      <th>0</th>\n",
       "      <td>0.0063</td>\n",
       "      <td>18.0000</td>\n",
       "      <td>2.3100</td>\n",
       "      <td>0</td>\n",
       "      <td>0.5380</td>\n",
       "      <td>6.5750</td>\n",
       "      <td>65.2000</td>\n",
       "      <td>4.0900</td>\n",
       "      <td>1</td>\n",
       "      <td>296</td>\n",
       "      <td>15.3000</td>\n",
       "      <td>396.9000</td>\n",
       "      <td>4.9800</td>\n",
       "      <td>24.0000</td>\n",
       "    </tr>\n",
       "    <tr>\n",
       "      <th>1</th>\n",
       "      <td>0.0273</td>\n",
       "      <td>0.0000</td>\n",
       "      <td>7.0700</td>\n",
       "      <td>0</td>\n",
       "      <td>0.4690</td>\n",
       "      <td>6.4210</td>\n",
       "      <td>78.9000</td>\n",
       "      <td>4.9671</td>\n",
       "      <td>2</td>\n",
       "      <td>242</td>\n",
       "      <td>17.8000</td>\n",
       "      <td>396.9000</td>\n",
       "      <td>9.1400</td>\n",
       "      <td>21.6000</td>\n",
       "    </tr>\n",
       "    <tr>\n",
       "      <th>2</th>\n",
       "      <td>0.0273</td>\n",
       "      <td>0.0000</td>\n",
       "      <td>7.0700</td>\n",
       "      <td>0</td>\n",
       "      <td>0.4690</td>\n",
       "      <td>7.1850</td>\n",
       "      <td>61.1000</td>\n",
       "      <td>4.9671</td>\n",
       "      <td>2</td>\n",
       "      <td>242</td>\n",
       "      <td>17.8000</td>\n",
       "      <td>392.8300</td>\n",
       "      <td>4.0300</td>\n",
       "      <td>34.7000</td>\n",
       "    </tr>\n",
       "    <tr>\n",
       "      <th>3</th>\n",
       "      <td>0.0324</td>\n",
       "      <td>0.0000</td>\n",
       "      <td>2.1800</td>\n",
       "      <td>0</td>\n",
       "      <td>0.4580</td>\n",
       "      <td>6.9980</td>\n",
       "      <td>45.8000</td>\n",
       "      <td>6.0622</td>\n",
       "      <td>3</td>\n",
       "      <td>222</td>\n",
       "      <td>18.7000</td>\n",
       "      <td>394.6300</td>\n",
       "      <td>2.9400</td>\n",
       "      <td>33.4000</td>\n",
       "    </tr>\n",
       "    <tr>\n",
       "      <th>4</th>\n",
       "      <td>0.0690</td>\n",
       "      <td>0.0000</td>\n",
       "      <td>2.1800</td>\n",
       "      <td>0</td>\n",
       "      <td>0.4580</td>\n",
       "      <td>7.1470</td>\n",
       "      <td>54.2000</td>\n",
       "      <td>6.0622</td>\n",
       "      <td>3</td>\n",
       "      <td>222</td>\n",
       "      <td>18.7000</td>\n",
       "      <td>396.9000</td>\n",
       "      <td>5.3300</td>\n",
       "      <td>36.2000</td>\n",
       "    </tr>\n",
       "    <tr>\n",
       "      <th>...</th>\n",
       "      <td>...</td>\n",
       "      <td>...</td>\n",
       "      <td>...</td>\n",
       "      <td>...</td>\n",
       "      <td>...</td>\n",
       "      <td>...</td>\n",
       "      <td>...</td>\n",
       "      <td>...</td>\n",
       "      <td>...</td>\n",
       "      <td>...</td>\n",
       "      <td>...</td>\n",
       "      <td>...</td>\n",
       "      <td>...</td>\n",
       "      <td>...</td>\n",
       "    </tr>\n",
       "    <tr>\n",
       "      <th>501</th>\n",
       "      <td>0.0626</td>\n",
       "      <td>0.0000</td>\n",
       "      <td>11.9300</td>\n",
       "      <td>0</td>\n",
       "      <td>0.5730</td>\n",
       "      <td>6.5930</td>\n",
       "      <td>69.1000</td>\n",
       "      <td>2.4786</td>\n",
       "      <td>1</td>\n",
       "      <td>273</td>\n",
       "      <td>21.0000</td>\n",
       "      <td>391.9900</td>\n",
       "      <td>9.6700</td>\n",
       "      <td>22.4000</td>\n",
       "    </tr>\n",
       "    <tr>\n",
       "      <th>502</th>\n",
       "      <td>0.0453</td>\n",
       "      <td>0.0000</td>\n",
       "      <td>11.9300</td>\n",
       "      <td>0</td>\n",
       "      <td>0.5730</td>\n",
       "      <td>6.1200</td>\n",
       "      <td>76.7000</td>\n",
       "      <td>2.2875</td>\n",
       "      <td>1</td>\n",
       "      <td>273</td>\n",
       "      <td>21.0000</td>\n",
       "      <td>396.9000</td>\n",
       "      <td>9.0800</td>\n",
       "      <td>20.6000</td>\n",
       "    </tr>\n",
       "    <tr>\n",
       "      <th>503</th>\n",
       "      <td>0.0608</td>\n",
       "      <td>0.0000</td>\n",
       "      <td>11.9300</td>\n",
       "      <td>0</td>\n",
       "      <td>0.5730</td>\n",
       "      <td>6.9760</td>\n",
       "      <td>91.0000</td>\n",
       "      <td>2.1675</td>\n",
       "      <td>1</td>\n",
       "      <td>273</td>\n",
       "      <td>21.0000</td>\n",
       "      <td>396.9000</td>\n",
       "      <td>5.6400</td>\n",
       "      <td>23.9000</td>\n",
       "    </tr>\n",
       "    <tr>\n",
       "      <th>504</th>\n",
       "      <td>0.1096</td>\n",
       "      <td>0.0000</td>\n",
       "      <td>11.9300</td>\n",
       "      <td>0</td>\n",
       "      <td>0.5730</td>\n",
       "      <td>6.7940</td>\n",
       "      <td>89.3000</td>\n",
       "      <td>2.3889</td>\n",
       "      <td>1</td>\n",
       "      <td>273</td>\n",
       "      <td>21.0000</td>\n",
       "      <td>393.4500</td>\n",
       "      <td>6.4800</td>\n",
       "      <td>22.0000</td>\n",
       "    </tr>\n",
       "    <tr>\n",
       "      <th>505</th>\n",
       "      <td>0.0474</td>\n",
       "      <td>0.0000</td>\n",
       "      <td>11.9300</td>\n",
       "      <td>0</td>\n",
       "      <td>0.5730</td>\n",
       "      <td>6.0300</td>\n",
       "      <td>80.8000</td>\n",
       "      <td>2.5050</td>\n",
       "      <td>1</td>\n",
       "      <td>273</td>\n",
       "      <td>21.0000</td>\n",
       "      <td>396.9000</td>\n",
       "      <td>7.8800</td>\n",
       "      <td>11.9000</td>\n",
       "    </tr>\n",
       "  </tbody>\n",
       "</table>\n",
       "<p>506 rows × 14 columns</p>\n",
       "</div>"
      ],
      "text/plain": [
       "      CRIM      ZN   INDUS  CHAS    NOX     RM     AGE    DIS  RAD  TAX  \\\n",
       "0   0.0063 18.0000  2.3100     0 0.5380 6.5750 65.2000 4.0900    1  296   \n",
       "1   0.0273  0.0000  7.0700     0 0.4690 6.4210 78.9000 4.9671    2  242   \n",
       "2   0.0273  0.0000  7.0700     0 0.4690 7.1850 61.1000 4.9671    2  242   \n",
       "3   0.0324  0.0000  2.1800     0 0.4580 6.9980 45.8000 6.0622    3  222   \n",
       "4   0.0690  0.0000  2.1800     0 0.4580 7.1470 54.2000 6.0622    3  222   \n",
       "..     ...     ...     ...   ...    ...    ...     ...    ...  ...  ...   \n",
       "501 0.0626  0.0000 11.9300     0 0.5730 6.5930 69.1000 2.4786    1  273   \n",
       "502 0.0453  0.0000 11.9300     0 0.5730 6.1200 76.7000 2.2875    1  273   \n",
       "503 0.0608  0.0000 11.9300     0 0.5730 6.9760 91.0000 2.1675    1  273   \n",
       "504 0.1096  0.0000 11.9300     0 0.5730 6.7940 89.3000 2.3889    1  273   \n",
       "505 0.0474  0.0000 11.9300     0 0.5730 6.0300 80.8000 2.5050    1  273   \n",
       "\n",
       "         PT        B  LSTAT      MV  \n",
       "0   15.3000 396.9000 4.9800 24.0000  \n",
       "1   17.8000 396.9000 9.1400 21.6000  \n",
       "2   17.8000 392.8300 4.0300 34.7000  \n",
       "3   18.7000 394.6300 2.9400 33.4000  \n",
       "4   18.7000 396.9000 5.3300 36.2000  \n",
       "..      ...      ...    ...     ...  \n",
       "501 21.0000 391.9900 9.6700 22.4000  \n",
       "502 21.0000 396.9000 9.0800 20.6000  \n",
       "503 21.0000 396.9000 5.6400 23.9000  \n",
       "504 21.0000 393.4500 6.4800 22.0000  \n",
       "505 21.0000 396.9000 7.8800 11.9000  \n",
       "\n",
       "[506 rows x 14 columns]"
      ]
     },
     "execution_count": 8,
     "metadata": {},
     "output_type": "execute_result"
    }
   ],
   "source": [
    "df_bos=pd.read_excel(\"/Users/wadhwa/Desktop/dsem/Assignment-2/boston housing.xlsx\") \n",
    "df_bos"
   ]
  },
  {
   "cell_type": "code",
   "execution_count": 9,
   "id": "3c93b184",
   "metadata": {},
   "outputs": [
    {
     "name": "stdout",
     "output_type": "stream",
     "text": [
      "<class 'pandas.core.frame.DataFrame'>\n",
      "RangeIndex: 506 entries, 0 to 505\n",
      "Data columns (total 14 columns):\n",
      " #   Column  Non-Null Count  Dtype  \n",
      "---  ------  --------------  -----  \n",
      " 0   CRIM    506 non-null    float64\n",
      " 1   ZN      506 non-null    float64\n",
      " 2   INDUS   506 non-null    float64\n",
      " 3   CHAS    506 non-null    int64  \n",
      " 4   NOX     506 non-null    float64\n",
      " 5   RM      506 non-null    float64\n",
      " 6   AGE     506 non-null    float64\n",
      " 7   DIS     506 non-null    float64\n",
      " 8   RAD     506 non-null    int64  \n",
      " 9   TAX     506 non-null    int64  \n",
      " 10  PT      506 non-null    float64\n",
      " 11  B       506 non-null    float64\n",
      " 12  LSTAT   506 non-null    float64\n",
      " 13  MV      506 non-null    float64\n",
      "dtypes: float64(11), int64(3)\n",
      "memory usage: 55.5 KB\n"
     ]
    }
   ],
   "source": [
    "df_bos.info() "
   ]
  },
  {
   "cell_type": "code",
   "execution_count": 10,
   "id": "dd85134c",
   "metadata": {},
   "outputs": [
    {
     "data": {
      "text/html": [
       "<div>\n",
       "<style scoped>\n",
       "    .dataframe tbody tr th:only-of-type {\n",
       "        vertical-align: middle;\n",
       "    }\n",
       "\n",
       "    .dataframe tbody tr th {\n",
       "        vertical-align: top;\n",
       "    }\n",
       "\n",
       "    .dataframe thead th {\n",
       "        text-align: right;\n",
       "    }\n",
       "</style>\n",
       "<table border=\"1\" class=\"dataframe\">\n",
       "  <thead>\n",
       "    <tr style=\"text-align: right;\">\n",
       "      <th></th>\n",
       "      <th>CRIM</th>\n",
       "      <th>ZN</th>\n",
       "      <th>INDUS</th>\n",
       "      <th>CHAS</th>\n",
       "      <th>NOX</th>\n",
       "      <th>RM</th>\n",
       "      <th>AGE</th>\n",
       "      <th>DIS</th>\n",
       "      <th>RAD</th>\n",
       "      <th>TAX</th>\n",
       "      <th>PT</th>\n",
       "      <th>B</th>\n",
       "      <th>LSTAT</th>\n",
       "      <th>MV</th>\n",
       "    </tr>\n",
       "  </thead>\n",
       "  <tbody>\n",
       "    <tr>\n",
       "      <th>CRIM</th>\n",
       "      <td>1.0000</td>\n",
       "      <td>-0.2005</td>\n",
       "      <td>0.4066</td>\n",
       "      <td>-0.0559</td>\n",
       "      <td>0.4210</td>\n",
       "      <td>-0.2192</td>\n",
       "      <td>0.3527</td>\n",
       "      <td>-0.3797</td>\n",
       "      <td>0.6255</td>\n",
       "      <td>0.5828</td>\n",
       "      <td>0.2899</td>\n",
       "      <td>-0.3851</td>\n",
       "      <td>0.4556</td>\n",
       "      <td>-0.3883</td>\n",
       "    </tr>\n",
       "    <tr>\n",
       "      <th>ZN</th>\n",
       "      <td>-0.2005</td>\n",
       "      <td>1.0000</td>\n",
       "      <td>-0.5338</td>\n",
       "      <td>-0.0427</td>\n",
       "      <td>-0.5166</td>\n",
       "      <td>0.3120</td>\n",
       "      <td>-0.5695</td>\n",
       "      <td>0.6644</td>\n",
       "      <td>-0.3119</td>\n",
       "      <td>-0.3146</td>\n",
       "      <td>-0.3917</td>\n",
       "      <td>0.1755</td>\n",
       "      <td>-0.4130</td>\n",
       "      <td>0.3604</td>\n",
       "    </tr>\n",
       "    <tr>\n",
       "      <th>INDUS</th>\n",
       "      <td>0.4066</td>\n",
       "      <td>-0.5338</td>\n",
       "      <td>1.0000</td>\n",
       "      <td>0.0629</td>\n",
       "      <td>0.7637</td>\n",
       "      <td>-0.3917</td>\n",
       "      <td>0.6448</td>\n",
       "      <td>-0.7080</td>\n",
       "      <td>0.5951</td>\n",
       "      <td>0.7208</td>\n",
       "      <td>0.3832</td>\n",
       "      <td>-0.3570</td>\n",
       "      <td>0.6038</td>\n",
       "      <td>-0.4837</td>\n",
       "    </tr>\n",
       "    <tr>\n",
       "      <th>CHAS</th>\n",
       "      <td>-0.0559</td>\n",
       "      <td>-0.0427</td>\n",
       "      <td>0.0629</td>\n",
       "      <td>1.0000</td>\n",
       "      <td>0.0912</td>\n",
       "      <td>0.0913</td>\n",
       "      <td>0.0865</td>\n",
       "      <td>-0.0992</td>\n",
       "      <td>-0.0074</td>\n",
       "      <td>-0.0356</td>\n",
       "      <td>-0.1215</td>\n",
       "      <td>0.0488</td>\n",
       "      <td>-0.0539</td>\n",
       "      <td>0.1753</td>\n",
       "    </tr>\n",
       "    <tr>\n",
       "      <th>NOX</th>\n",
       "      <td>0.4210</td>\n",
       "      <td>-0.5166</td>\n",
       "      <td>0.7637</td>\n",
       "      <td>0.0912</td>\n",
       "      <td>1.0000</td>\n",
       "      <td>-0.3022</td>\n",
       "      <td>0.7315</td>\n",
       "      <td>-0.7692</td>\n",
       "      <td>0.6114</td>\n",
       "      <td>0.6680</td>\n",
       "      <td>0.1889</td>\n",
       "      <td>-0.3801</td>\n",
       "      <td>0.5909</td>\n",
       "      <td>-0.4273</td>\n",
       "    </tr>\n",
       "    <tr>\n",
       "      <th>RM</th>\n",
       "      <td>-0.2192</td>\n",
       "      <td>0.3120</td>\n",
       "      <td>-0.3917</td>\n",
       "      <td>0.0913</td>\n",
       "      <td>-0.3022</td>\n",
       "      <td>1.0000</td>\n",
       "      <td>-0.2403</td>\n",
       "      <td>0.2052</td>\n",
       "      <td>-0.2098</td>\n",
       "      <td>-0.2920</td>\n",
       "      <td>-0.3555</td>\n",
       "      <td>0.1281</td>\n",
       "      <td>-0.6138</td>\n",
       "      <td>0.6954</td>\n",
       "    </tr>\n",
       "    <tr>\n",
       "      <th>AGE</th>\n",
       "      <td>0.3527</td>\n",
       "      <td>-0.5695</td>\n",
       "      <td>0.6448</td>\n",
       "      <td>0.0865</td>\n",
       "      <td>0.7315</td>\n",
       "      <td>-0.2403</td>\n",
       "      <td>1.0000</td>\n",
       "      <td>-0.7479</td>\n",
       "      <td>0.4560</td>\n",
       "      <td>0.5065</td>\n",
       "      <td>0.2615</td>\n",
       "      <td>-0.2735</td>\n",
       "      <td>0.6023</td>\n",
       "      <td>-0.3770</td>\n",
       "    </tr>\n",
       "    <tr>\n",
       "      <th>DIS</th>\n",
       "      <td>-0.3797</td>\n",
       "      <td>0.6644</td>\n",
       "      <td>-0.7080</td>\n",
       "      <td>-0.0992</td>\n",
       "      <td>-0.7692</td>\n",
       "      <td>0.2052</td>\n",
       "      <td>-0.7479</td>\n",
       "      <td>1.0000</td>\n",
       "      <td>-0.4946</td>\n",
       "      <td>-0.5344</td>\n",
       "      <td>-0.2325</td>\n",
       "      <td>0.2915</td>\n",
       "      <td>-0.4970</td>\n",
       "      <td>0.2499</td>\n",
       "    </tr>\n",
       "    <tr>\n",
       "      <th>RAD</th>\n",
       "      <td>0.6255</td>\n",
       "      <td>-0.3119</td>\n",
       "      <td>0.5951</td>\n",
       "      <td>-0.0074</td>\n",
       "      <td>0.6114</td>\n",
       "      <td>-0.2098</td>\n",
       "      <td>0.4560</td>\n",
       "      <td>-0.4946</td>\n",
       "      <td>1.0000</td>\n",
       "      <td>0.9102</td>\n",
       "      <td>0.4647</td>\n",
       "      <td>-0.4444</td>\n",
       "      <td>0.4887</td>\n",
       "      <td>-0.3816</td>\n",
       "    </tr>\n",
       "    <tr>\n",
       "      <th>TAX</th>\n",
       "      <td>0.5828</td>\n",
       "      <td>-0.3146</td>\n",
       "      <td>0.7208</td>\n",
       "      <td>-0.0356</td>\n",
       "      <td>0.6680</td>\n",
       "      <td>-0.2920</td>\n",
       "      <td>0.5065</td>\n",
       "      <td>-0.5344</td>\n",
       "      <td>0.9102</td>\n",
       "      <td>1.0000</td>\n",
       "      <td>0.4609</td>\n",
       "      <td>-0.4418</td>\n",
       "      <td>0.5440</td>\n",
       "      <td>-0.4685</td>\n",
       "    </tr>\n",
       "    <tr>\n",
       "      <th>PT</th>\n",
       "      <td>0.2899</td>\n",
       "      <td>-0.3917</td>\n",
       "      <td>0.3832</td>\n",
       "      <td>-0.1215</td>\n",
       "      <td>0.1889</td>\n",
       "      <td>-0.3555</td>\n",
       "      <td>0.2615</td>\n",
       "      <td>-0.2325</td>\n",
       "      <td>0.4647</td>\n",
       "      <td>0.4609</td>\n",
       "      <td>1.0000</td>\n",
       "      <td>-0.1774</td>\n",
       "      <td>0.3740</td>\n",
       "      <td>-0.5078</td>\n",
       "    </tr>\n",
       "    <tr>\n",
       "      <th>B</th>\n",
       "      <td>-0.3851</td>\n",
       "      <td>0.1755</td>\n",
       "      <td>-0.3570</td>\n",
       "      <td>0.0488</td>\n",
       "      <td>-0.3801</td>\n",
       "      <td>0.1281</td>\n",
       "      <td>-0.2735</td>\n",
       "      <td>0.2915</td>\n",
       "      <td>-0.4444</td>\n",
       "      <td>-0.4418</td>\n",
       "      <td>-0.1774</td>\n",
       "      <td>1.0000</td>\n",
       "      <td>-0.3661</td>\n",
       "      <td>0.3335</td>\n",
       "    </tr>\n",
       "    <tr>\n",
       "      <th>LSTAT</th>\n",
       "      <td>0.4556</td>\n",
       "      <td>-0.4130</td>\n",
       "      <td>0.6038</td>\n",
       "      <td>-0.0539</td>\n",
       "      <td>0.5909</td>\n",
       "      <td>-0.6138</td>\n",
       "      <td>0.6023</td>\n",
       "      <td>-0.4970</td>\n",
       "      <td>0.4887</td>\n",
       "      <td>0.5440</td>\n",
       "      <td>0.3740</td>\n",
       "      <td>-0.3661</td>\n",
       "      <td>1.0000</td>\n",
       "      <td>-0.7377</td>\n",
       "    </tr>\n",
       "    <tr>\n",
       "      <th>MV</th>\n",
       "      <td>-0.3883</td>\n",
       "      <td>0.3604</td>\n",
       "      <td>-0.4837</td>\n",
       "      <td>0.1753</td>\n",
       "      <td>-0.4273</td>\n",
       "      <td>0.6954</td>\n",
       "      <td>-0.3770</td>\n",
       "      <td>0.2499</td>\n",
       "      <td>-0.3816</td>\n",
       "      <td>-0.4685</td>\n",
       "      <td>-0.5078</td>\n",
       "      <td>0.3335</td>\n",
       "      <td>-0.7377</td>\n",
       "      <td>1.0000</td>\n",
       "    </tr>\n",
       "  </tbody>\n",
       "</table>\n",
       "</div>"
      ],
      "text/plain": [
       "         CRIM      ZN   INDUS    CHAS     NOX      RM     AGE     DIS     RAD  \\\n",
       "CRIM   1.0000 -0.2005  0.4066 -0.0559  0.4210 -0.2192  0.3527 -0.3797  0.6255   \n",
       "ZN    -0.2005  1.0000 -0.5338 -0.0427 -0.5166  0.3120 -0.5695  0.6644 -0.3119   \n",
       "INDUS  0.4066 -0.5338  1.0000  0.0629  0.7637 -0.3917  0.6448 -0.7080  0.5951   \n",
       "CHAS  -0.0559 -0.0427  0.0629  1.0000  0.0912  0.0913  0.0865 -0.0992 -0.0074   \n",
       "NOX    0.4210 -0.5166  0.7637  0.0912  1.0000 -0.3022  0.7315 -0.7692  0.6114   \n",
       "RM    -0.2192  0.3120 -0.3917  0.0913 -0.3022  1.0000 -0.2403  0.2052 -0.2098   \n",
       "AGE    0.3527 -0.5695  0.6448  0.0865  0.7315 -0.2403  1.0000 -0.7479  0.4560   \n",
       "DIS   -0.3797  0.6644 -0.7080 -0.0992 -0.7692  0.2052 -0.7479  1.0000 -0.4946   \n",
       "RAD    0.6255 -0.3119  0.5951 -0.0074  0.6114 -0.2098  0.4560 -0.4946  1.0000   \n",
       "TAX    0.5828 -0.3146  0.7208 -0.0356  0.6680 -0.2920  0.5065 -0.5344  0.9102   \n",
       "PT     0.2899 -0.3917  0.3832 -0.1215  0.1889 -0.3555  0.2615 -0.2325  0.4647   \n",
       "B     -0.3851  0.1755 -0.3570  0.0488 -0.3801  0.1281 -0.2735  0.2915 -0.4444   \n",
       "LSTAT  0.4556 -0.4130  0.6038 -0.0539  0.5909 -0.6138  0.6023 -0.4970  0.4887   \n",
       "MV    -0.3883  0.3604 -0.4837  0.1753 -0.4273  0.6954 -0.3770  0.2499 -0.3816   \n",
       "\n",
       "          TAX      PT       B   LSTAT      MV  \n",
       "CRIM   0.5828  0.2899 -0.3851  0.4556 -0.3883  \n",
       "ZN    -0.3146 -0.3917  0.1755 -0.4130  0.3604  \n",
       "INDUS  0.7208  0.3832 -0.3570  0.6038 -0.4837  \n",
       "CHAS  -0.0356 -0.1215  0.0488 -0.0539  0.1753  \n",
       "NOX    0.6680  0.1889 -0.3801  0.5909 -0.4273  \n",
       "RM    -0.2920 -0.3555  0.1281 -0.6138  0.6954  \n",
       "AGE    0.5065  0.2615 -0.2735  0.6023 -0.3770  \n",
       "DIS   -0.5344 -0.2325  0.2915 -0.4970  0.2499  \n",
       "RAD    0.9102  0.4647 -0.4444  0.4887 -0.3816  \n",
       "TAX    1.0000  0.4609 -0.4418  0.5440 -0.4685  \n",
       "PT     0.4609  1.0000 -0.1774  0.3740 -0.5078  \n",
       "B     -0.4418 -0.1774  1.0000 -0.3661  0.3335  \n",
       "LSTAT  0.5440  0.3740 -0.3661  1.0000 -0.7377  \n",
       "MV    -0.4685 -0.5078  0.3335 -0.7377  1.0000  "
      ]
     },
     "execution_count": 10,
     "metadata": {},
     "output_type": "execute_result"
    }
   ],
   "source": [
    "pd.options.display.float_format = '{:.4f}'.format\n",
    "df_corr=df_bos.corr()\n",
    "df_corr"
   ]
  },
  {
   "cell_type": "code",
   "execution_count": 11,
   "id": "3b93e237",
   "metadata": {},
   "outputs": [
    {
     "name": "stdout",
     "output_type": "stream",
     "text": [
      "The Pearson Correlation Coefficient of CRIM is -0.3883046116575092  with a P-value = 1.1739862423663313e-19\n"
     ]
    },
    {
     "ename": "NameError",
     "evalue": "name 'sns' is not defined",
     "output_type": "error",
     "traceback": [
      "\u001b[0;31m---------------------------------------------------------------------------\u001b[0m",
      "\u001b[0;31mNameError\u001b[0m                                 Traceback (most recent call last)",
      "\u001b[0;32m/var/folders/cp/llttj8tn31qg0wsrjzjyptz40000gn/T/ipykernel_8839/3205775546.py\u001b[0m in \u001b[0;36m<module>\u001b[0;34m\u001b[0m\n\u001b[1;32m      1\u001b[0m \u001b[0mpearson_coef\u001b[0m\u001b[0;34m,\u001b[0m \u001b[0mp_value\u001b[0m \u001b[0;34m=\u001b[0m \u001b[0mstats\u001b[0m\u001b[0;34m.\u001b[0m\u001b[0mpearsonr\u001b[0m\u001b[0;34m(\u001b[0m\u001b[0mdf_bos\u001b[0m\u001b[0;34m[\u001b[0m\u001b[0;34m'CRIM'\u001b[0m\u001b[0;34m]\u001b[0m\u001b[0;34m,\u001b[0m \u001b[0mdf_bos\u001b[0m\u001b[0;34m[\u001b[0m\u001b[0;34m'MV'\u001b[0m\u001b[0;34m]\u001b[0m\u001b[0;34m)\u001b[0m\u001b[0;34m\u001b[0m\u001b[0;34m\u001b[0m\u001b[0m\n\u001b[1;32m      2\u001b[0m \u001b[0mprint\u001b[0m\u001b[0;34m(\u001b[0m\u001b[0;34m\"The Pearson Correlation Coefficient of CRIM is\"\u001b[0m\u001b[0;34m,\u001b[0m \u001b[0mpearson_coef\u001b[0m\u001b[0;34m,\u001b[0m \u001b[0;34m\" with a P-value =\"\u001b[0m\u001b[0;34m,\u001b[0m \u001b[0mp_value\u001b[0m\u001b[0;34m)\u001b[0m\u001b[0;34m\u001b[0m\u001b[0;34m\u001b[0m\u001b[0m\n\u001b[0;32m----> 3\u001b[0;31m \u001b[0msns\u001b[0m\u001b[0;34m.\u001b[0m\u001b[0mregplot\u001b[0m\u001b[0;34m(\u001b[0m\u001b[0mx\u001b[0m\u001b[0;34m=\u001b[0m\u001b[0;34m\"CRIM\"\u001b[0m\u001b[0;34m,\u001b[0m \u001b[0my\u001b[0m\u001b[0;34m=\u001b[0m\u001b[0;34m\"MV\"\u001b[0m\u001b[0;34m,\u001b[0m \u001b[0mdata\u001b[0m\u001b[0;34m=\u001b[0m\u001b[0mdf_bos\u001b[0m\u001b[0;34m)\u001b[0m\u001b[0;34m\u001b[0m\u001b[0;34m\u001b[0m\u001b[0m\n\u001b[0m\u001b[1;32m      4\u001b[0m \u001b[0mplt\u001b[0m\u001b[0;34m.\u001b[0m\u001b[0mylim\u001b[0m\u001b[0;34m(\u001b[0m\u001b[0;36m0\u001b[0m\u001b[0;34m,\u001b[0m\u001b[0;34m)\u001b[0m\u001b[0;34m\u001b[0m\u001b[0;34m\u001b[0m\u001b[0m\n",
      "\u001b[0;31mNameError\u001b[0m: name 'sns' is not defined"
     ]
    }
   ],
   "source": [
    "pearson_coef, p_value = stats.pearsonr(df_bos['CRIM'], df_bos['MV'])\n",
    "print(\"The Pearson Correlation Coefficient of CRIM is\", pearson_coef, \" with a P-value =\", p_value)  \n",
    "sns.regplot(x=\"CRIM\", y=\"MV\", data=df_bos)\n",
    "plt.ylim(0,)"
   ]
  },
  {
   "cell_type": "code",
   "execution_count": 13,
   "id": "e7e3bcc0",
   "metadata": {},
   "outputs": [
    {
     "name": "stdout",
     "output_type": "stream",
     "text": [
      "The Pearson Correlation Coefficient of ZN is 0.36044534463752975  with a P-value = 5.713581510452926e-17\n"
     ]
    },
    {
     "ename": "NameError",
     "evalue": "name 'sns' is not defined",
     "output_type": "error",
     "traceback": [
      "\u001b[0;31m---------------------------------------------------------------------------\u001b[0m",
      "\u001b[0;31mNameError\u001b[0m                                 Traceback (most recent call last)",
      "\u001b[0;32m/var/folders/cp/llttj8tn31qg0wsrjzjyptz40000gn/T/ipykernel_8839/2605442488.py\u001b[0m in \u001b[0;36m<module>\u001b[0;34m\u001b[0m\n\u001b[1;32m      1\u001b[0m \u001b[0mpearson_coef\u001b[0m\u001b[0;34m,\u001b[0m \u001b[0mp_value\u001b[0m \u001b[0;34m=\u001b[0m \u001b[0mstats\u001b[0m\u001b[0;34m.\u001b[0m\u001b[0mpearsonr\u001b[0m\u001b[0;34m(\u001b[0m\u001b[0mdf_bos\u001b[0m\u001b[0;34m[\u001b[0m\u001b[0;34m'ZN'\u001b[0m\u001b[0;34m]\u001b[0m\u001b[0;34m,\u001b[0m \u001b[0mdf_bos\u001b[0m\u001b[0;34m[\u001b[0m\u001b[0;34m'MV'\u001b[0m\u001b[0;34m]\u001b[0m\u001b[0;34m)\u001b[0m\u001b[0;34m\u001b[0m\u001b[0;34m\u001b[0m\u001b[0m\n\u001b[1;32m      2\u001b[0m \u001b[0mprint\u001b[0m\u001b[0;34m(\u001b[0m\u001b[0;34m\"The Pearson Correlation Coefficient of ZN is\"\u001b[0m\u001b[0;34m,\u001b[0m \u001b[0mpearson_coef\u001b[0m\u001b[0;34m,\u001b[0m \u001b[0;34m\" with a P-value =\"\u001b[0m\u001b[0;34m,\u001b[0m \u001b[0mp_value\u001b[0m\u001b[0;34m)\u001b[0m\u001b[0;34m\u001b[0m\u001b[0;34m\u001b[0m\u001b[0m\n\u001b[0;32m----> 3\u001b[0;31m \u001b[0msns\u001b[0m\u001b[0;34m.\u001b[0m\u001b[0mregplot\u001b[0m\u001b[0;34m(\u001b[0m\u001b[0mx\u001b[0m\u001b[0;34m=\u001b[0m\u001b[0;34m\"ZN\"\u001b[0m\u001b[0;34m,\u001b[0m \u001b[0my\u001b[0m\u001b[0;34m=\u001b[0m\u001b[0;34m\"MV\"\u001b[0m\u001b[0;34m,\u001b[0m \u001b[0mdata\u001b[0m\u001b[0;34m=\u001b[0m\u001b[0mdf_bos\u001b[0m\u001b[0;34m)\u001b[0m\u001b[0;34m\u001b[0m\u001b[0;34m\u001b[0m\u001b[0m\n\u001b[0m\u001b[1;32m      4\u001b[0m \u001b[0mplt\u001b[0m\u001b[0;34m.\u001b[0m\u001b[0mylim\u001b[0m\u001b[0;34m(\u001b[0m\u001b[0;36m0\u001b[0m\u001b[0;34m,\u001b[0m\u001b[0;34m)\u001b[0m\u001b[0;34m\u001b[0m\u001b[0;34m\u001b[0m\u001b[0m\n",
      "\u001b[0;31mNameError\u001b[0m: name 'sns' is not defined"
     ]
    }
   ],
   "source": [
    "pearson_coef, p_value = stats.pearsonr(df_bos['ZN'], df_bos['MV'])\n",
    "print(\"The Pearson Correlation Coefficient of ZN is\", pearson_coef, \" with a P-value =\", p_value)  \n",
    "sns.regplot(x=\"ZN\", y=\"MV\", data=df_bos)\n",
    "plt.ylim(0,)"
   ]
  },
  {
   "cell_type": "code",
   "execution_count": 175,
   "id": "8301d518",
   "metadata": {},
   "outputs": [
    {
     "name": "stdout",
     "output_type": "stream",
     "text": [
      "The Pearson Correlation Coefficient of INDUS is -0.4837251712814334  with a P-value = 4.900242319351878e-31\n"
     ]
    },
    {
     "data": {
      "text/plain": [
       "(0.0, 52.25)"
      ]
     },
     "execution_count": 175,
     "metadata": {},
     "output_type": "execute_result"
    },
    {
     "data": {
